NOS	ALTI	ACDE	ACMI	BOCO	BRAN	CANN	CRYP	CULT	FOEX	FRAR	FRBA	PATU	SAAR	SAHE	TAMA	URBA
ID1	1725	0	0	0.37	0	0	0	0	0.23	0	0.4	0	0	0	0	0
ID2	1680	0	0	0.07	0	0	0.13	0	0.06	0	0.63	0.11	0	0	0	0
ID3	1660	0.19	0	0	0	0	0.12	0	0.05	0	0.5	0.09	0	0	0.04	0.02
ID4	1600	0	0	0	0	0	0	0	0	0	0	0	0	0	1	0
ID5	1550	0	0	0	0	0	0	0	0	0	0.5	0	0	0	0.5	0
ID6	1540	0.29	0	0	0	0	0.38	0	0.2	0	0.13	0	0	0	0	0
ID7	1505	0.39	0	0	0	0	0.08	0	0	0.22	0	0	0	0	0	0.31
ID8	1490	0.34	0	0	0	0	0.25	0	0	0	0.25	0.05	0	0	0	0.12
ID9	1645	0.15	0	0.04	0	0	0.34	0	0.13	0	0.35	0	0	0	0	0
ID10	1565	0.19	0	0.13	0	0	0.26	0	0	0	0.42	0	0	0	0	0
ID11	1330	0.09	0	0	0	0	0.3	0	0	0	0.61	0	0	0	0	0
ID12	1395	0	0	0	0	0	0.06	0	0.28	0	0.66	0	0	0	0	0
ID13	1480	0.19	0	0.26	0	0	0	0	0	0	0.55	0	0	0	0	0
ID14	1275	0.01	0	0	0	0	0	0	0.34	0.03	0.62	0	0	0	0	0
ID15	1230	0.05	0	0	0	0	0	0	0.07	0	0.88	0	0	0	0	0
ID16	1195	0.01	0	0	0	0	0	0	0.14	0	0.85	0	0	0	0	0
ID17	1570	0.02	0	0	0	0	0	0	0	0	0.15	0.41	0	0	0	0.42
ID18	1560	0.21	0	0	0	0	0	0	0.03	0	0.4	0.17	0	0	0	0.2
ID19	1550	0.31	0	0	0	0	0	0	0.41	0	0.16	0	0	0	0	0.12
ID20	1460	0	0	0	0	0	0	0	0.55	0	0	0.31	0	0	0	0.14
ID21	1520	0	0	0	0	0	0	0	0.18	0	0.71	0.12	0	0	0	0
ID22	1475	0.15	0	0	0	0	0.02	0	0.46	0	0.2	0	0	0	0	0.16
ID23	1415	0.25	0	0	0	0	0.62	0	0	0	0	0.05	0	0	0	0.08
ID24	1350	0.41	0	0	0	0	0.05	0	0	0	0.06	0.16	0	0	0	0.33
ID25	1250	0.45	0	0	0	0	0.51	0	0	0	0	0	0	0	0	0.04
ID26	1220	0.18	0	0	0	0	0.76	0	0	0	0	0	0	0	0	0.06
ID27	1175	0.28	0	0	0	0	0.5	0	0	0	0.12	0	0	0	0	0.1
ID28	1180	0	0	0	0	0	0.68	0	0.04	0	0	0.04	0	0	0	0.25
ID29	1115	0	0	0	0	0	0.7	0	0	0	0	0	0	0	0	0.3
ID30	1110	0.49	0	0	0	0	0	0	0	0	0.44	0	0	0	0	0.08
ID31	1150	0	0	0	0	0	0.8	0	0.04	0	0.09	0	0	0	0	0.07
ID32	1230	0.42	0	0	0	0	0.17	0	0	0	0.23	0	0	0	0	0.18
ID33	945	0.4	0	0	0	0	0.01	0	0	0	0	0.13	0	0	0	0.47
ID34	920	0.3	0	0	0	0	0.21	0	0.03	0	0	0	0	0	0	0.46
ID35	930	0.24	0	0	0	0	0.75	0	0	0	0	0	0	0	0	0.02
ID36	980	0.12	0	0	0	0	0.82	0	0.06	0	0	0	0	0	0	0
ID37	995	0.39	0	0	0	0	0.17	0	0	0	0	0.03	0	0	0	0.41
ID38	1040	0.17	0	0	0	0	0.4	0	0.15	0	0	0	0	0	0	0.28
ID39	1050	0.23	0	0	0	0	0.66	0	0.11	0	0	0	0	0	0	0
ID40	980	0.01	0	0	0	0	0.86	0	0.13	0	0	0	0	0	0	0
ID41	930	0.03	0	0	0	0	0.94	0	0.03	0	0	0	0	0	0	0
ID42	870	0	0	0	0	0	0.82	0	0.18	0	0	0	0	0	0	0
ID43	920	0.16	0	0	0	0	0.62	0	0.08	0	0	0	0	0	0	0.15
ID44	1015	0.09	0	0	0	0	0.66	0	0.18	0	0	0	0	0	0	0.07
ID45	1090	0.4	0	0	0	0	0.24	0	0.09	0	0.25	0	0	0	0	0.01
ID46	1365	0.49	0	0	0	0	0	0	0.25	0	0	0	0	0	0	0.26
ID47	1345	0.42	0	0	0	0	0	0	0.26	0	0.21	0	0	0	0	0.11
ID48	1350	0.48	0	0	0	0	0.02	0	0	0.19	0.11	0	0	0	0	0.19
ID49	1600	0.17	0	0	0	0	0	0	0.53	0	0.23	0.08	0	0	0	0
ID50	1620	0	0	0	0	0	0	0	0.48	0	0.52	0	0	0	0	0
ID51	1620	0	0	0	0	0	0	0	0.44	0	0.56	0	0	0	0	0
ID52	1615	0	0	0	0	0	0	0	0.08	0	0.92	0	0	0	0	0
ID53	1620	0	0	0	0	0	0	0	0.29	0	0.68	0	0	0	0	0.04
ID54	1610	0.1	0	0.02	0	0	0	0	0.21	0	0.5	0.17	0	0	0	0
ID55	1595	0	0	0	0	0	0	0	0.06	0	0.94	0	0	0	0	0
ID56	1610	0	0	0	0	0	0	0	0.26	0	0.74	0	0	0	0	0
ID57	1600	0	0	0	0	0	0	0	0.36	0	0.64	0	0	0	0	0
ID58	1590	0.02	0	0	0	0	0	0	0.6	0	0.15	0.23	0	0	0	0
ID59	1580	0	0	0	0	0	0	0	0.29	0	0.71	0	0	0	0	0
ID60	1550	0	0	0	0	0	0	0	0.21	0	0.79	0	0	0	0	0
ID61	1600	0	0	0	0	0	0	0	0.26	0	0.71	0	0	0	0.03	0
ID62	1600	0.04	0	0	0	0	0	0	0.04	0	0.92	0	0	0	0	0
ID63	1620	0.07	0	0	0	0	0	0	0.72	0	0.21	0	0	0	0	0
ID64	1560	0.08	0	0	0	0	0	0	0.13	0	0.79	0	0	0	0	0
ID65	1640	0.1	0	0	0	0	0	0	0	0	0.87	0.03	0	0	0	0
ID66	1670	0.08	0	0	0	0	0	0	0.13	0	0.72	0.01	0	0	0	0.07
ID67	1620	0	0	0	0	0	0	0	0.04	0	0.72	0	0	0	0.25	0
ID68	1620	0.13	0	0.1	0	0	0	0	0.01	0	0.76	0	0	0	0	0
ID69	1650	0	0	0	0	0	0	0	0.28	0	0.72	0	0	0	0	0
ID70	1650	0	0	0	0	0	0	0	0	0	0	0	0	0	1	0
ID71	1650	0.01	0	0	0	0	0	0	0.15	0	0.84	0	0	0	0	0
ID72	930	0	0	0	0	0	0.1	0	0.36	0	0.54	0	0	0	0	0
ID73	900	0	0	0	0	0	0.25	0	0.39	0	0.35	0	0	0	0	0
ID74	850	0	0	0	0	0.96	0	0	0.04	0	0	0	0	0	0	0
ID75	790	0	0	0	0	1	0	0	0	0	0	0	0	0	0	0
ID76	820	0	0	0	0	0.22	0.21	0	0.31	0	0	0	0	0	0	0.27
ID77	880	0	0	0	0	0.46	0.07	0	0.48	0	0	0	0	0	0	0
ID78	800	0	0	0	0	0	0.61	0	0.39	0	0	0	0	0	0	0
ID79	750	0	0	0	0	0.74	0.15	0	0.12	0	0	0	0	0	0	0
ID80	1025	0	0	0.39	0	0	0	0	0.15	0	0.46	0	0	0	0	0
ID81	1000	0	0	0.08	0	0	0	0	0.27	0	0.65	0	0	0	0	0
ID82	940	0.06	0	0	0	0	0	0	0.44	0	0.5	0	0	0	0	0
ID83	900	0	0	0	0	0	0	0	0.67	0	0.33	0	0	0	0	0
ID84	890	0	0	0	0	0	0	0	0.25	0	0.75	0	0	0	0	0
ID85	1040	0.14	0	0.12	0	0	0.31	0	0.34	0	0.1	0	0	0	0	0
ID86	940	0	0	0	0	0.13	0.21	0	0.66	0	0	0	0	0	0	0
ID87	905	0	0	0	0	0.43	0	0	0.57	0	0	0	0	0	0	0
ID88	1700	0.32	0.25	0	0	0	0	0	0	0	0.26	0.17	0	0	0	0
ID89	1660	0	0	0	0	0	0	0	0.28	0	0.72	0	0	0	0	0
ID90	1730	0.02	0	0	0	0	0	0	0	0	0.62	0	0	0	0.36	0
ID91	1670	0.14	0	0	0	0	0	0	0.1	0	0.74	0.02	0	0	0.01	0
ID92	1640	0.27	0	0	0	0	0	0	0.08	0	0.62	0	0	0	0.02	0.01
ID93	1070	0.08	0	0.1	0	0	0	0	0.12	0	0.7	0	0	0	0	0
ID94	990	0.02	0	0	0	0.7	0.02	0	0.26	0	0	0	0	0	0	0
ID95	980	0.29	0	0	0	0	0.14	0	0.57	0	0	0	0	0	0	0
ID96	1010	0.07	0	0	0	0	0.51	0	0.41	0	0	0	0	0	0	0
ID97	1500	0.26	0	0	0	0	0.05	0	0.69	0	0	0	0	0	0	0
ID98	930	0.09	0	0	0	0.32	0.02	0	0.57	0	0	0	0	0	0	0
ID99	890	0.19	0	0	0	0.6	0	0	0.21	0	0	0	0	0	0	0
ID100	1960	0.04	0	0.13	0	0	0	0	0.1	0	0.7	0.04	0	0	0	0
ID101	1940	0.01	0	0.23	0	0	0	0	0.27	0	0.5	0	0	0	0	0
ID102	1705	0	0	0.42	0	0	0	0	0.33	0	0.25	0	0	0	0	0
ID103	2010	0	0	0.29	0	0	0	0	0.41	0	0.3	0	0	0	0	0
ID104	1540	0	0	0.44	0	0	0	0	0.12	0	0.45	0	0	0	0	0
ID105	1910	0	0	0.13	0	0	0	0	0.4	0	0.48	0	0	0	0	0
ID106	1020	0.29	0	0.34	0	0	0	0	0.13	0	0.24	0	0	0	0	0
ID107	960	0.23	0	0	0	0.41	0.14	0	0.23	0	0	0	0	0	0	0
ID108	940	0.22	0	0.71	0	0	0.06	0	0.02	0	0	0	0	0	0	0
ID109	980	0.25	0	0.34	0	0	0.22	0	0.15	0	0.05	0	0	0	0	0
ID110	930	0.24	0	0.3	0	0	0.26	0	0.18	0	0	0	0	0	0	0.01
ID111	880	0	0	0.62	0	0	0	0	0.22	0	0.16	0	0	0	0	0
ID112	890	0	0	0.81	0	0	0	0	0.19	0	0	0	0	0	0	0
ID113	850	0	0	0	0	0	0.37	0	0.45	0	0.12	0	0	0	0	0.06
ID114	1030	0.11	0	0	0	0	0	0	0.15	0	0.65	0.1	0	0	0	0
ID115	890	0.02	0	0	0	0	0.62	0	0.36	0	0	0	0	0	0	0
ID116	980	0	0	1	0	0	0	0	0	0	0	0	0	0	0	0
ID117	1370	0	0	0.28	0	0	0	0	0.02	0	0.7	0	0	0	0	0
ID118	1435	0.33	0	0.43	0	0	0	0	0.13	0	0.1	0	0	0	0	0
ID119	1510	0	0	0	0	0	0	0	0	0	0	0.3	0	0	0.7	0
ID120	1570	0	0	0	0	0	0	0	0	0	0	0.19	0	0	0.81	0
ID121	790	0	0	0	0	0.83	0.01	0	0.06	0	0	0	0	0	0	0.1
ID122	755	0	0	0	0	0.93	0.04	0	0.03	0	0	0	0	0	0	0
ID123	725	0.02	0	0	0	0.98	0	0	0	0	0	0	0	0	0	0
ID124	680	0	0	0	0	0.86	0.04	0	0.06	0	0	0	0	0	0	0.04
ID125	650	0	0	0	0	0.83	0	0	0.05	0	0	0	0	0	0	0.12
ID126	630	0	0	0	0	0.66	0.03	0	0.12	0	0	0.2	0	0	0	0
ID127	570	0	0	0	0	0.71	0.06	0	0	0.06	0	0	0	0	0	0.17
ID128	550	0	0	0	0	0.83	0.17	0	0	0	0	0	0	0	0	0
ID129	520	0	0	0	0	1	0	0	0	0	0	0	0	0	0	0
ID130	480	0	0	0	0	1	0	0	0	0	0	0	0	0	0	0
ID131	440	0	0	0	0	0.88	0.12	0	0	0	0	0	0	0	0	0
ID132	410	0	0	0	0	1	0	0	0	0	0	0	0	0	0	0
ID133	350	0	0	0	0	0.95	0	0	0.05	0	0	0	0	0	0	0
ID134	300	0	0	0	0	1	0	0	0	0	0	0	0	0	0	0
ID135	250	0	0	0	0	1	0	0	0	0	0	0	0	0	0	0
ID136	300	0	0	0	0	1	0	0	0	0	0	0	0	0	0	0
ID137	350	0	0	0	0	1	0	0	0	0	0	0	0	0	0	0
ID138	360	0	0	0	0	1	0	0	0	0	0	0	0	0	0	0
ID139	410	0	0	0	0	1	0	0	0	0	0	0	0	0	0	0
ID140	470	0	0	0	0	1	0	0	0	0	0	0	0	0	0	0
ID141	460	0	0	0	0	1	0	0	0	0	0	0	0	0	0	0
ID142	500	0	0	0	0	1	0	0	0	0	0	0	0	0	0	0
ID143	540	0	0	0	0	1	0	0	0	0	0	0	0	0	0	0
ID144	560	0	0	0	0	1	0	0	0	0	0	0	0	0	0	0
ID145	620	0	0	0	0	1	0	0	0	0	0	0	0	0	0	0
ID146	630	0	0	0	0	1	0	0	0	0	0	0	0	0	0	0
ID147	660	0	0	0	0	0.92	0	0	0.08	0	0	0	0	0	0	0
ID148	690	0	0	0	0	1	0	0	0	0	0	0	0	0	0	0
ID149	730	0.15	0	0	0	0.85	0	0	0	0	0	0	0	0	0	0
ID150	790	0.02	0	0.18	0	0.76	0	0	0.04	0	0	0	0	0	0	0
ID151	640	0.02	0	0	0	0.98	0	0	0	0	0	0	0	0	0	0
ID152	670	0	0	0	0	1	0	0	0	0	0	0	0	0	0	0
ID153	710	0	0	0	0	1	0	0	0	0	0	0	0	0	0	0
ID154	760	0	0	0	0	1	0	0	0	0	0	0	0	0	0	0
ID155	790	0	0	0	0	1	0	0	0	0	0	0	0	0	0	0
ID156	830	0	0	0	0	1	0	0	0	0	0	0	0	0	0	0
ID157	620	0	0	1	0	0	0	0	0	0	0	0	0	0	0	0
ID158	1600	0	0	1	0	0	0	0	0	0	0	0	0	0	0	0
ID159	1630	0	0	1	0	0	0	0	0	0	0	0	0	0	0	0
ID160	1690	0	0	1	0	0	0	0	0	0	0	0	0	0	0	0
ID161	1960	0	0	0.41	0	0	0	0	0	0	0	0.59	0	0	0	0
ID162	1910	0.07	0	0	0	0	0	0	0	0	0	0.93	0	0	0	0
ID163	1900	0.02	0	0	0	0	0	0	0	0	0	0.98	0	0	0	0
ID164	1860	0.04	0	0.02	0	0	0	0	0.03	0	0.09	0.83	0	0	0	0
ID165	1840	0	0	0	0	0	0	0	0	0	0.04	0.96	0	0	0	0
ID166	1810	0	0	0	0	0	0	0	0	0	0	1	0	0	0	0
ID167	1800	0	0	0	0	0	0	0	0	0	0	1	0	0	0	0
ID168	1010	0	0	0	0	0	0	0	0	0	0	1	0	0	0	0
ID169	1860	0.06	0	0	0	0	0	0	0	0	0	0.94	0	0	0	0
ID170	1850	0	0	0	0	0	0	0	0	0	0	1	0	0	0	0
ID171	1820	0	0	0	0	0	0	0	0	0	0	1	0	0	0	0
ID172	2070	0	0	0	1	0	0	0	0	0	0	0	0	0	0	0
ID173	2140	0	0	0	1	0	0	0	0	0	0	0	0	0	0	0
ID174	2120	0	0	0	1	0	0	0	0	0	0	0	0	0	0	0
ID175	2070	0.27	0	0	0.73	0	0	0	0	0	0	0	0	0	0	0
ID176	2250	0	0	0	1	0	0	0	0	0	0	0	0	0	0	0
ID177	2300	0	0	0	1	0	0	0	0	0	0	0	0	0	0	0
ID178	2360	0	0	0	1	0	0	0	0	0	0	0	0	0	0	0
ID179	2320	0	0	0	1	0	0	0	0	0	0	0	0	0	0	0
ID180	2300	0	0	0	1	0	0	0	0	0	0	0	0	0	0	0
ID181	2310	0	0	0	1	0	0	0	0	0	0	0	0	0	0	0
ID182	2340	0	0	0	1	0	0	0	0	0	0	0	0	0	0	0
ID183	150	0	0	0	0	0	0	1	0	0	0	0	0	0	0	0
ID184	150	0	0	0	0	0	0	1	0	0	0	0	0	0	0	0
ID185	125	0	0	0	0	0	0	1	0	0	0	0	0	0	0	0
ID186	175	0	0	0	0	0	0	1	0	0	0	0	0	0	0	0
ID187	185	0	0	0	0	0	0	1	0	0	0	0	0	0	0	0
ID188	60	0	0	0	0	0	0	1	0	0	0	0	0	0	0	0
ID189	60	0	0	0	0	0	0	1	0	0	0	0	0	0	0	0
ID190	300	0	0	0	0	0	0	1	0	0	0	0	0	0	0	0
ID191	250	0	0	0	0	0	0	1	0	0	0	0	0	0	0	0
ID192	200	0	0	0	0	0	0	1	0	0	0	0	0	0	0	0
ID193	115	0	0	0	0	0	0	1	0	0	0	0	0	0	0	0
ID194	80	0	0	0	0	0	0	1	0	0	0	0	0	0	0	0
ID195	65	0	0	0	0	0	0	0	0	0	0	0	0	1	0	0
ID196	65	0	0	0	0	0	0	0	0	0	0	0	0	1	0	0
ID197	100	0	0	0	0	0	0	0	0	0	0	0	0	1	0	0
ID198	85	0	0	0	0	0	0	0	0	0	0	0	0	1	0	0
ID199	210	0	0	0	0	0	0	0.55	0	0	0	0	0.45	0	0	0
ID200	320	0	0	0	0	0	0	1	0	0	0	0	0	0	0	0
ID201	170	0	0	0	0	0	0	0	0	0	0	0	0.88	0.12	0	0
ID202	50	0	0	0	0	0	0	0	0	0	0	0	0	1	0	0
ID203	130	0	0	0	0	0	0	0	0	0	0	0	1	0	0	0
ID204	230	0	0	0	0	0	0	0	0	0	0	0	1	0	0	0
ID205	150	0	0	0	0	0	0	0	0	0	0	0	1	0	0	0
ID206	170	0	0	0	0	0	0	0	0	0	0	0	1	0	0	0
ID207	270	0	0	0	0	0	0	1	0	0	0	0	0	0	0	0
ID208	110	0	0	0	0	0	0	0	0	0	0	0	1	0	0	0
ID209	70	0	0	0	0	0	0	0	0	0	0	0	0	1	0	0
ID210	180	0	0	0	0	0	0	0.4	0	0	0	0	0.6	0	0	0
ID211	300	0	0	0	0	0	0	1	0	0	0	0	0	0	0	0
ID212	20	0	0	0	0	0	0	0	0	0	0	0	0	1	0	0
ID213	80	0	0	0	0	0	0	0	0	0	0	0	1	0	0	0
ID214	290	0	0	0	0	0	0	1	0	0	0	0	0	0	0	0
ID215	130	0	0	0	0	0	0	0	0	0	0	0	1	0	0	0
ID216	70	0	0	0	0	0	0	0	0	0	0	0	0	1	0	0
ID217	100	0	0	0	0	0	0	0	0	0	0	0	1	0	0	0
ID218	150	0	0	0	0	0	0	0	0	0	0	0	1	0	0	0
ID219	80	0	0	0	0	0	0	0	0	0	0	0	1	0	0	0
ID220	30	0	0	0	0	0	0	0	0	0	0	0	0	1	0	0
ID221	90	0	0	0	0	0	0	0	0	0	0	0	0	1	0	0
ID222	90	0	0	0	0	0	0	0	0	0	0	0	0	1	0	0
ID223	20	0	0	0	0	0	0	0	0	0	0	0	1	0	0	0
ID224	40	0	0	0	0	0	0	0	0	0	0	0	1	0	0	0
ID225	70	0	0	0	0	0	0	0	0	0	0	0	0	1	0	0
ID226	35	0	0	0	0	0	0	0	0	0	0	0	0	1	0	0
ID227	50	0	0	0	0	0	0	0	0	0	0	0	0	1	0	0
ID228	580	0	0	0	0	1	0	0	0	0	0	0	0	0	0	0
ID229	420	0	0	0	0	1	0	0	0	0	0	0	0	0	0	0
ID230	340	0	0	0	0	1	0	0	0	0	0	0	0	0	0	0
ID231	650	0	0	0	0	1	0	0	0	0	0	0	0	0	0	0
ID232	1060	0.05	0	0	0	0	0.08	0	0.27	0.18	0.38	0	0	0	0	0.05
ID233	1460	0.27	0	0	0	0	0.26	0	0.25	0	0.19	0	0	0	0	0.02
ID234	1080	0.56	0	0	0	0	0.26	0	0.18	0	0	0	0	0	0	0
ID235	1150	0.71	0	0	0	0	0.1	0	0.2	0	0	0	0	0	0	0
ID236	1210	0.95	0	0	0	0	0	0	0.03	0	0.02	0	0	0	0	0
ID237	1240	0	0	0	0	0	0	0	0.02	0	0.98	0	0	0	0	0
ID238	1350	0.07	0	0	0	0	0	0	0	0	0.93	0	0	0	0	0
ID239	1300	0	0	0	0	0	0	0	0	0	1	0	0	0	0	0
ID240	1010	0.04	0	0	0	0.12	0.29	0	0.32	0	0.23	0	0	0	0	0
ID241	1710	0	0.2	0	0	0	0	0	0	0	0	0.8	0	0	0	0
ID242	1670	0.07	0.27	0	0	0	0	0	0	0	0	0.66	0	0	0	0
ID243	1610	0	0	0	0	0	0	0	0	0	0	0.17	0	0	0.83	0
ID244	1570	0	0	0	0	0	0	0	0	0	0	1	0	0	0	0
ID245	1510	0.1	0.05	0	0	0	0	0	0	0	0.06	0.5	0	0	0.29	0
ID246	1410	0	0	0	0	0	0	0	0	0	0	1	0	0	0	0
ID247	2830	0	0	0	1	0	0	0	0	0	0	0	0	0	0	0
ID248	2830	0	0	0	1	0	0	0	0	0	0	0	0	0	0	0
ID249	1700	0	0	0	1	0	0	0	0	0	0	0	0	0	0	0
ID250	1620	0	0	0	1	0	0	0	0	0	0	0	0	0	0	0
ID251	2600	0	0	0	1	0	0	0	0	0	0	0	0	0	0	0
ID252	2400	0	0	0	1	0	0	0	0	0	0	0	0	0	0	0
ID253	1380	0	0	0.09	0	0	0	0	0	0	0	0.91	0	0	0	0
ID254	1350	0	0	0.21	0	0	0	0	0	0	0	0.79	0	0	0	0
ID255	1320	0	0	0.18	0	0	0	0	0	0	0	0.82	0	0	0	0
ID256	1260	0	0	0	0	0	0	0	0	0	0	1	0	0	0	0
ID257	1220	0	0	0.2	0	0	0	0	0	0	0	0.8	0	0	0	0
ID258	1590	0	0	0	0	0	0	0	0	0	0	0	0	0	1	0
ID259	1620	0	0	0	0	0	0	0	0	0	0	0	0	0	1	0
ID260	1720	0	0	0	0	0	0	0	0	0	0	0	0	0	1	0
ID261	1690	0	0	0	0	0	0	0	0	0	0	0	0	0	1	0
ID262	1760	0	0	0	0	0	0	0	0	0	0	0	0	0	1	0
ID263	1700	0	0	0	0	0	0	0	0	0	0	0	0	0	1	0
ID264	1670	0	0	0	0	0	0	0	0	0	0	0	0	0	1	0
ID265	1650	0	0	0	0	0	0	0	0	0	0	0	0	0	1	0
ID266	1620	0	0	1	0	0	0	0	0	0	0	0	0	0	0	0
ID267	1870	0	0	0	0	0	0	0	0	0	0	0	0	0	1	0
ID268	1960	0	0	0	0	0	0	0	0	0	0	0	0	0	1	0
ID269	1860	0	0	0	0	0	0	0	0	0	0	0	0	0	1	0
ID270	2000	0	0	0	1	0	0	0	0	0	0	0	0	0	0	0
ID271	2150	0	0	0	1	0	0	0	0	0	0	0	0	0	0	0
ID272	2250	0	0	0	1	0	0	0	0	0	0	0	0	0	0	0
ID273	2360	0	0	0	1	0	0	0	0	0	0	0	0	0	0	0
ID274	1950	0	0	0	1	0	0	0	0	0	0	0	0	0	0	0
ID275	1890	0.25	0	0	0.75	0	0	0	0	0	0	0	0	0	0	0
ID276	1820	0	0.7	0	0	0	0	0	0.09	0	0	0	0	0	0.21	0
ID277	1800	0	0	0	0	0	0	0	0	0	0	0	0	0	1	0
ID278	1790	0	0	0	0	0	0	0	0	0	0	0	0	0	1	0
ID279	1725	0	0	0	0	0	0	0	0	0	0	0.12	0	0	0.88	0
ID280	1950	0	0	0	1	0	0	0	0	0	0	0	0	0	0	0
ID281	1680	0.05	0	0	0	0	0	0	0	0	0	0.95	0	0	0	0
ID282	1090	0	0	0	0	0	0	0	0	0	1	0	0	0	0	0
ID283	1250	0	0	0	0	0	0	0	0	0.39	0.61	0	0	0	0	0
ID284	1210	0.04	0	0	0	0	0	0	0	0	0.96	0	0	0	0	0
ID285	1120	0	0	0	0	0	0	0	0.18	0	0.76	0.06	0	0	0	0
ID286	1120	0	0	0	0	0	0	0	0.04	0.12	0.84	0	0	0	0	0
ID287	1170	0	0	0	0	0	0	0	0.06	0	0.94	0	0	0	0	0
ID288	1310	0.03	0	0	0	0	0	0	0.14	0	0.83	0	0	0	0	0
ID289	1265	0.05	0	0	0	0	0	0	0	0.07	0.88	0	0	0	0	0
ID290	1250	0	0	0	0	0	0	0	0.16	0	0.8	0	0	0	0	0.04
ID291	320	0	0	0	0	0.71	0.12	0	0	0.07	0	0	0	0	0	0.11
ID292	430	0	0	0	0	1	0	0	0	0	0	0	0	0	0	0
ID293	490	0	0	0	0	0.87	0.04	0	0.03	0.06	0	0	0	0	0	0
ID294	815	0	0	0	0	0.89	0.06	0	0	0	0	0	0	0	0	0.05
ID295	740	0	0	0	0	0.84	0.02	0	0.06	0.08	0	0	0	0	0	0
ID296	800	0.08	0	0	0	0.65	0.1	0	0.14	0	0	0	0	0	0	0.04
ID297	970	0.04	0	0	0	0.05	0.64	0	0.25	0	0	0	0	0	0	0.03
ID298	850	0.05	0	0	0	0.15	0.54	0	0.17	0	0	0	0	0	0	0.1
ID299	880	0	0	0	0	0.22	0.45	0	0.27	0	0.02	0	0	0	0	0.04
ID300	880	0	0	0	0	0	0.63	0	0.1	0	0	0	0	0	0	0.27
ID301	820	0.02	0	0	0	0	0.47	0	0.16	0	0.08	0	0	0	0	0.27
ID302	740	0	0	0	0	0.22	0.75	0	0	0	0	0	0	0	0	0.03
ID303	770	0.05	0	0	0	0.38	0.26	0	0.12	0.07	0.1	0	0	0	0	0.03
ID304	820	0	0	0	0	0.16	0.51	0	0.17	0	0	0	0	0	0	0.17
ID305	305	0	0	0	0	1	0	0	0	0	0	0	0	0	0	0
ID306	340	0	0	0	0	1	0	0	0	0	0	0	0	0	0	0
ID307	390	0	0	0	0	1	0	0	0	0	0	0	0	0	0	0
ID308	450	0	0	0	0	1	0	0	0	0	0	0	0	0	0	0
ID309	430	0	0	0	0	1	0	0	0	0	0	0	0	0	0	0
ID310	530	0	0	0	0	1	0	0	0	0	0	0	0	0	0	0
ID311	575	0	0	0	0	1	0	0	0	0	0	0	0	0	0	0
ID312	800	0	0	0	0	1	0	0	0	0	0	0	0	0	0	0
ID313	905	0.03	0	0	0	0.97	0	0	0	0	0	0	0	0	0	0
ID314	1060	0.29	0	0	0	0	0.28	0	0.31	0	0	0	0	0	0	0.11
ID315	1335	0	0	1	0	0	0	0	0	0	0	0	0	0	0	0
ID316	1310	0	0	1	0	0	0	0	0	0	0	0	0	0	0	0
ID317	1310	0	0	1	0	0	0	0	0	0	0	0	0	0	0	0
ID318	1330	0	0	1	0	0	0	0	0	0	0	0	0	0	0	0
ID319	1260	0	0	1	0	0	0	0	0	0	0	0	0	0	0	0
ID320	1200	0	0	0.8	0	0	0	0	0.09	0	0.09	0.02	0	0	0	0
ID321	1290	0	0	0	0	0	0	0	0	0	0	1	0	0	0	0
ID322	1350	0	0	0.87	0	0	0	0	0	0	0	0.13	0	0	0	0
ID323	1485	0	0	1	0	0	0	0	0	0	0	0	0	0	0	0
ID324	1495	0	0	1	0	0	0	0	0	0	0	0	0	0	0	0
ID325	1490	0	0	0	0	0	0	0	0	0	0	0	0	0	1	0
ID326	1420	0	0	1	0	0	0	0	0	0	0	0	0	0	0	0
ID327	1395	0	0	1	0	0	0	0	0	0	0	0	0	0	0	0
ID328	1380	0	0	1	0	0	0	0	0	0	0	0	0	0	0	0
ID329	1410	0	0	0	0	0	0	0	0	0	0	0	0	0	1	0
ID330	1400	0	0	1	0	0	0	0	0	0	0	0	0	0	0	0
ID331	1410	0	0	1	0	0	0	0	0	0	0	0	0	0	0	0
ID332	1400	0	0	0	0	0	0	0	0	0	0	0	0	0	1	0
ID333	1460	0	0	0	0	0	0	0	0	0	0	0	0	0	1	0
ID334	1490	0	0	0	0	0	0	0	0	0	0	0	0	0	1	0
ID335	1340	0	0	1	0	0	0	0	0	0	0	0	0	0	0	0
ID336	1330	0	0	1	0	0	0	0	0	0	0	0	0	0	0	0
ID337	1390	0	0	1	0	0	0	0	0	0	0	0	0	0	0	0
ID338	1400	0	0	1	0	0	0	0	0	0	0	0	0	0	0	0
ID339	1390	0	0	1	0	0	0	0	0	0	0	0	0	0	0	0
ID340	1400	0	0	1	0	0	0	0	0	0	0	0	0	0	0	0
ID341	1440	0	0	1	0	0	0	0	0	0	0	0	0	0	0	0
ID342	1420	0	0	1	0	0	0	0	0	0	0	0	0	0	0	0
ID343	1335	0	0	1	0	0	0	0	0	0	0	0	0	0	0	0
ID344	1350	0	0	1	0	0	0	0	0	0	0	0	0	0	0	0
ID345	2880	0	0	0	1	0	0	0	0	0	0	0	0	0	0	0
ID346	2800	0	0	0	1	0	0	0	0	0	0	0	0	0	0	0
ID347	2770	0	0	0	1	0	0	0	0	0	0	0	0	0	0	0
ID348	2755	0	0	0	1	0	0	0	0	0	0	0	0	0	0	0
ID349	2720	0	0	0	1	0	0	0	0	0	0	0	0	0	0	0
ID350	2700	0	0	0	1	0	0	0	0	0	0	0	0	0	0	0
ID351	2630	0	0	0	1	0	0	0	0	0	0	0	0	0	0	0
ID352	2700	0	0	0	1	0	0	0	0	0	0	0	0	0	0	0
ID353	2780	0	0	0	1	0	0	0	0	0	0	0	0	0	0	0
ID354	2595	0	0	0	1	0	0	0	0	0	0	0	0	0	0	0
ID355	2555	0	0	0	1	0	0	0	0	0	0	0	0	0	0	0
ID356	2500	0	0	1	0	0	0	0	0	0	0	0	0	0	0	0
ID357	2540	0	0	1	0	0	0	0	0	0	0	0	0	0	0	0
ID358	2560	0	0	0	0	0	0	0	0	0	0	0	0	0	1	0
ID359	1540	0	0	0	0	0	0	0	0	0	0	0	0	0	1	0
ID360	1500	0	0	0	0	0	0	0	0	0	0	0	0	0	1	0
ID361	1480	0	0	0	0	0	0	0	0	0	0	0	0	0	1	0
ID362	1480	0	0	0	0	0	0	0	0	0	0	0	0	0	1	0
ID363	1450	0	0	0	0	0	0	0	0	0	0	0	0	0	1	0
ID364	1460	0	0	0	0	0	0	0	0	0	0	0	0	0	1	0
ID365	1400	0	0	1	0	0	0	0	0	0	0	0	0	0	0	0
ID366	1430	0	0	1	0	0	0	0	0	0	0	0	0	0	0	0
ID367	1520	0	0	0	0	0	0	0	0	0	0	0	0	0	1	0
ID368	1310	0	0	1	0	0	0	0	0	0	0	0	0	0	0	0
ID369	1290	0	0	1	0	0	0	0	0	0	0	0	0	0	0	0
ID370	1265	0	0	1	0	0	0	0	0	0	0	0	0	0	0	0
ID371	1240	0	0	1	0	0	0	0	0	0	0	0	0	0	0	0
ID372	1220	0	0	1	0	0	0	0	0	0	0	0	0	0	0	0
ID373	1175	0	0	1	0	0	0	0	0	0	0	0	0	0	0	0
ID374	1530	0	0	0	0	0	0	0	0	0	0	0	0	0	1	0
ID375	1535	0	0	0	0	0	0	0	0	0	0	0	0	0	1	0
ID376	1550	0	0	1	0	0	0	0	0	0	0	0	0	0	0	0
ID377	1540	0	0	1	0	0	0	0	0	0	0	0	0	0	0	0
ID378	1390	1	0	0	0	0	0	0	0	0	0	0	0	0	0	0
ID379	1310	1	0	0	0	0	0	0	0	0	0	0	0	0	0	0
ID380	1400	1	0	0	0	0	0	0	0	0	0	0	0	0	0	0
ID381	1390	1	0	0	0	0	0	0	0	0	0	0	0	0	0	0
ID382	1360	1	0	0	0	0	0	0	0	0	0	0	0	0	0	0
ID383	1350	1	0	0	0	0	0	0	0	0	0	0	0	0	0	0
ID384	1400	1	0	0	0	0	0	0	0	0	0	0	0	0	0	0
ID385	1370	1	0	0	0	0	0	0	0	0	0	0	0	0	0	0
ID386	1340	1	0	0	0	0	0	0	0	0	0	0	0	0	0	0
ID387	1320	1	0	0	0	0	0	0	0	0	0	0	0	0	0	0
ID388	1300	1	0	0	0	0	0	0	0	0	0	0	0	0	0	0
ID389	1280	1	0	0	0	0	0	0	0	0	0	0	0	0	0	0
ID390	1340	1	0	0	0	0	0	0	0	0	0	0	0	0	0	0
ID391	1310	1	0	0	0	0	0	0	0	0	0	0	0	0	0	0
ID392	1350	1	0	0	0	0	0	0	0	0	0	0	0	0	0	0
ID393	1410	1	0	0	0	0	0	0	0	0	0	0	0	0	0	0
ID394	1390	1	0	0	0	0	0	0	0	0	0	0	0	0	0	0
ID395	1300	1	0	0	0	0	0	0	0	0	0	0	0	0	0	0
ID396	1310	1	0	0	0	0	0	0	0	0	0	0	0	0	0	0
ID397	1020	1	0	0	0	0	0	0	0	0	0	0	0	0	0	0
ID398	930	1	0	0	0	0	0	0	0	0	0	0	0	0	0	0
ID399	1250	1	0	0	0	0	0	0	0	0	0	0	0	0	0	0
ID400	1240	1	0	0	0	0	0	0	0	0	0	0	0	0	0	0
ID401	1030	1	0	0	0	0	0	0	0	0	0	0	0	0	0	0
ID402	1290	1	0	0	0	0	0	0	0	0	0	0	0	0	0	0
ID403	1250	1	0	0	0	0	0	0	0	0	0	0	0	0	0	0
ID404	1120	1	0	0	0	0	0	0	0	0	0	0	0	0	0	0
ID405	1080	1	0	0	0	0	0	0	0	0	0	0	0	0	0	0
ID406	1020	1	0	0	0	0	0	0	0	0	0	0	0	0	0	0
ID407	1240	1	0	0	0	0	0	0	0	0	0	0	0	0	0	0
ID408	1210	1	0	0	0	0	0	0	0	0	0	0	0	0	0	0
ID409	1160	1	0	0	0	0	0	0	0	0	0	0	0	0	0	0
ID410	1020	1	0	0	0	0	0	0	0	0	0	0	0	0	0	0
