NOS	ACTR	CIMA	COCH	COCO	COFR	ESAS	FOMA	FRPO	GEST	HYBO	LOPU	MAMA	PADO	PEAS	PHBO	PLCU	PYJO	SATE	STPI	TEBO	TUNI	ZOBO	ZOOL
ID1	5	0	0	0	0	0	4	0	0	0	0	0	0	0	0	0	0	3	0	0	0	0	0
ID2	7	0	0	4	0	0	6	0	0	0	0	0	0	0	0	0	0	3	0	0	0	0	0
ID3	2	0	0	0	0	0	8	0	0	0	0	0	0	0	0	0	0	3	0	0	0	5	0
ID4	5	0	0	0	0	0	4	0	0	0	0	0	0	0	0	0	0	5	0	0	0	0	0
ID5	4	0	0	0	0	0	8	0	0	0	0	0	0	0	0	0	0	3	0	0	0	3	0
ID6	0	0	0	2	0	1	9	0	0	0	0	1	2	0	0	0	0	2	0	0	0	0	0
ID7	1	0	0	2	0	1	7	0	0	0	0	1	1	0	0	0	0	2	0	0	0	1	0
ID8	2	0	0	0	0	0	6	0	1	0	0	0	0	0	0	0	1	0	0	0	1	2	0
ID9	2	0	0	4	0	14	8	0	0	0	0	0	0	0	0	3	0	2	0	0	0	0	0
ID10	1	0	0	2	0	3	4	0	0	0	0	0	5	0	0	0	0	2	0	0	0	0	0
ID11	2	0	0	0	0	0	9	0	0	0	0	0	4	0	0	0	0	1	0	0	0	0	0
ID12	7	0	0	0	0	1	4	0	0	0	0	0	4	0	0	0	1	2	0	0	0	0	0
ID13	2	0	0	0	0	1	4	0	0	0	0	0	0	0	0	0	0	2	0	0	0	0	1
ID14	3	0	0	2	1	5	6	0	1	0	0	0	0	0	0	0	0	1	0	0	0	2	0
ID15	4	0	0	2	0	3	4	0	0	0	0	0	0	0	0	1	0	3	0	0	0	0	0
ID16	3	1	0	0	0	22	4	0	0	0	0	0	2	0	0	0	0	1	0	0	0	0	0
ID17	2	0	0	0	0	0	6	0	0	0	0	0	8	0	0	0	0	0	0	0	0	0	0
ID18	1	0	0	0	1	8	6	0	0	0	0	0	2	0	0	0	0	5	0	0	0	0	0
ID19	1	0	0	0	1	2	6	0	0	0	0	0	1	0	0	0	0	1	0	0	0	0	0
ID20	3	0	0	0	1	1	8	0	3	0	0	0	4	0	0	0	0	2	0	0	0	0	0
ID21	1	0	0	0	0	0	13	0	6	0	0	0	0	0	0	0	0	1	0	0	0	3	0
ID22	4	0	0	0	0	3	8	0	0	0	0	0	0	0	0	0	0	0	0	0	0	0	0
ID23	5	0	0	0	1	4	4	0	0	0	0	0	1	0	0	0	0	2	0	0	0	0	0
ID24	4	0	0	0	0	0	6	0	1	0	0	0	0	0	0	0	0	0	0	0	0	5	0
ID25	1	0	0	4	0	5	8	0	2	0	0	0	0	0	0	0	0	1	0	0	0	3	0
ID26	2	0	0	4	0	3	2	0	0	0	0	0	7	0	0	4	0	1	0	0	0	0	0
ID27	4	0	0	2	1	2	4	0	1	0	0	0	2	0	0	0	0	0	0	0	0	0	0
ID28	2	0	0	0	0	6	2	0	0	0	0	0	5	0	0	0	0	0	0	0	0	0	0
ID29	2	0	0	0	1	1	2	0	0	0	0	0	4	0	0	4	0	0	0	0	0	0	0
ID30	2	0	0	2	0	3	6	0	2	0	0	0	6	0	0	5	0	2	0	0	0	2	0
ID31	1	0	0	0	0	0	2	0	1	0	0	0	3	0	0	0	0	0	0	0	0	0	0
ID32	4	0	0	0	0	0	8	0	1	0	0	0	4	0	0	0	0	0	0	0	0	0	0
ID33	0	0	0	0	0	0	6	0	0	0	0	0	5	0	0	0	0	0	0	0	0	2	0
ID34	0	0	0	0	1	0	6	0	0	0	0	0	4	0	0	14	4	0	0	0	0	1	0
ID35	4	0	0	0	2	3	4	0	2	0	0	0	4	0	0	0	1	0	0	0	0	2	0
ID36	1	0	0	0	4	1	4	0	0	0	0	0	1	0	0	0	2	0	0	0	0	2	0
ID37	2	0	0	0	1	0	4	0	1	0	0	0	7	0	0	0	2	0	0	0	0	5	0
ID38	1	0	0	0	3	0	2	0	0	0	0	0	3	0	0	0	1	0	0	0	0	0	0
ID39	5	0	0	0	6	0	6	0	0	0	0	0	1	0	0	0	0	1	0	0	0	3	0
ID40	10	0	0	0	5	5	4	0	7	0	0	0	0	0	0	0	2	0	0	0	0	0	0
ID41	4	0	0	6	0	2	4	0	2	0	0	0	2	0	0	4	0	0	0	0	0	0	0
ID42	1	0	0	4	1	0	4	0	4	0	0	0	0	0	0	0	2	0	0	0	0	0	0
ID43	7	0	0	0	1	3	2	0	3	0	0	0	3	0	0	0	1	0	0	0	0	0	0
ID44	4	0	0	0	0	3	2	0	0	0	0	0	4	0	0	0	1	0	0	0	0	0	0
ID45	3	0	0	0	0	0	2	0	4	0	0	0	9	0	0	8	0	0	0	0	0	0	0
ID46	1	0	0	0	0	1	6	0	5	0	0	0	3	0	0	0	0	1	0	0	0	2	0
ID47	2	0	0	0	0	2	6	0	0	0	0	0	2	0	0	3	0	2	0	0	0	2	0
ID48	1	0	0	0	1	0	2	0	0	0	0	0	6	0	0	0	0	0	0	0	0	7	0
ID49	2	0	0	0	0	1	4	0	0	0	0	0	0	0	0	0	0	0	0	0	0	3	0
ID50	4	0	0	0	0	0	12	0	0	0	0	0	0	0	0	0	0	3	0	0	0	5	0
ID51	3	0	0	0	1	0	3	0	0	0	0	0	0	0	0	0	0	3	0	0	0	2	0
ID52	4	0	0	0	1	3	2	0	0	0	0	0	0	0	0	0	0	0	0	0	0	0	0
ID53	4	0	0	0	1	0	6	0	0	0	0	0	2	0	0	0	0	1	0	0	0	0	0
ID54	1	0	0	0	0	0	6	0	0	0	0	0	3	0	0	0	0	0	0	0	1	1	0
ID55	3	0	0	0	0	1	4	0	0	0	0	0	0	0	0	0	0	0	0	0	0	2	0
ID56	1	0	0	0	1	1	4	0	0	0	0	0	0	0	0	0	0	1	0	0	0	1	0
ID57	1	0	0	2	0	1	8	0	1	0	0	0	5	0	0	0	0	2	0	0	0	1	0
ID58	3	0	0	6	0	0	6	0	1	0	0	0	0	0	0	0	0	1	2	0	0	2	0
ID59	4	0	0	4	1	0	6	0	0	0	0	0	0	0	0	0	0	2	0	0	0	2	0
ID60	8	0	0	2	0	10	6	0	7	0	0	0	0	0	0	0	0	1	2	0	0	0	0
ID61	5	0	0	4	0	0	4	0	0	0	0	0	5	0	0	0	0	2	0	0	0	1	0
ID62	1	0	0	4	0	0	6	0	0	0	0	0	3	0	0	0	0	1	0	0	0	0	0
ID63	3	0	0	0	0	2	6	0	1	0	0	0	0	0	0	0	0	1	0	0	0	2	0
ID64	6	0	0	4	0	0	2	0	0	0	0	0	5	0	0	0	0	2	0	0	0	0	0
ID65	25	0	0	0	0	1	7	0	0	0	0	0	8	0	0	0	0	1	0	0	0	0	0
ID66	6	0	0	0	0	15	2	0	0	0	0	0	7	0	0	0	0	1	0	0	0	0	0
ID67	0	0	0	0	0	0	6	0	0	0	0	0	7	0	0	0	0	3	0	0	0	0	0
ID68	7	0	0	0	2	0	10	0	0	0	0	0	5	0	0	0	0	4	0	0	0	0	0
ID69	2	0	0	0	1	0	2	0	0	0	0	3	0	0	0	0	0	8	0	0	1	1	0
ID70	1	0	0	0	1	1	6	0	0	0	0	0	0	0	0	0	0	4	0	0	0	7	0
ID71	5	0	0	0	0	0	2	0	0	0	0	0	0	0	0	0	2	0	0	0	0	0	0
ID72	5	0	0	0	2	8	6	0	0	0	0	0	0	0	0	8	0	1	0	0	0	3	0
ID73	3	0	0	0	0	3	4	0	4	0	0	0	3	0	0	0	1	2	0	1	0	2	1
ID74	3	0	0	0	2	2	2	0	0	0	0	0	0	0	0	0	2	0	0	0	0	1	0
ID75	2	0	0	0	2	6	2	0	0	0	0	0	0	0	0	0	2	0	0	0	0	0	0
ID76	3	0	0	0	1	0	6	0	3	0	0	0	7	0	0	3	3	0	0	0	0	0	0
ID77	2	0	0	0	10	1	3	0	2	0	0	0	2	0	0	0	1	0	0	0	0	0	0
ID78	1	1	0	0	4	0	6	0	2	0	0	0	0	0	0	0	3	0	1	0	0	2	0
ID79	0	0	0	0	6	0	2	0	1	0	0	0	0	0	0	0	5	0	0	0	0	0	0
ID80	5	2	0	0	1	0	0	0	6	0	0	0	0	0	0	0	4	2	0	1	0	4	0
ID81	34	0	0	2	2	0	4	0	8	2	0	0	0	0	0	0	2	2	0	0	0	0	0
ID82	2	0	0	0	1	0	12	0	31	0	0	0	0	0	0	0	1	4	0	0	0	0	0
ID83	2	0	0	0	0	2	6	0	5	0	0	0	0	0	0	0	4	1	0	0	0	3	0
ID84	0	0	0	0	2	5	2	0	1	0	0	0	0	0	0	0	2	1	0	0	0	0	0
ID85	4	0	0	0	0	2	4	0	1	0	0	0	0	0	0	0	4	1	0	0	0	3	2
ID86	2	0	0	0	0	7	2	0	0	1	0	0	0	0	0	0	3	0	0	0	0	6	0
ID87	2	0	0	0	1	0	0	0	2	1	0	0	0	0	0	0	4	1	0	0	0	0	0
ID88	0	0	0	2	0	0	2	0	0	0	0	0	0	0	0	0	0	5	0	0	0	4	0
ID89	4	0	0	0	1	0	2	0	0	0	0	0	1	0	0	0	0	3	0	0	0	1	0
ID90	3	0	0	0	0	0	11	0	0	0	0	0	5	0	0	0	0	4	0	0	0	3	0
ID91	0	0	0	0	0	1	8	0	0	0	0	0	6	0	0	0	0	1	0	0	0	0	0
ID92	6	0	0	0	0	5	10	0	0	0	0	0	1	0	0	0	0	4	0	0	0	3	0
ID93	4	0	0	2	1	2	4	0	3	0	0	0	1	0	0	0	0	4	0	0	0	1	0
ID94	4	0	0	0	1	15	2	0	4	0	0	0	0	0	0	0	4	2	0	0	0	0	0
ID95	3	0	0	0	0	5	2	0	2	0	0	0	2	0	0	0	2	0	0	1	0	7	1
ID96	8	0	0	2	1	6	6	0	3	0	0	0	0	0	0	0	4	2	0	0	0	1	1
ID97	2	0	0	0	1	1	4	0	1	0	0	0	0	0	0	0	3	3	0	3	0	3	2
ID98	1	0	0	0	6	4	0	0	2	0	0	0	0	0	0	0	2	0	0	0	0	0	0
ID99	2	0	0	0	1	8	6	0	2	0	0	0	0	0	0	0	1	0	0	0	0	0	0
ID100	2	0	0	0	0	0	0	0	0	0	0	0	3	0	0	0	0	5	0	0	0	6	0
ID101	2	0	0	0	0	0	0	0	0	0	0	0	3	0	0	0	0	4	0	0	0	7	0
ID102	2	0	0	0	0	0	0	0	0	0	0	5	4	0	0	0	0	4	0	0	0	1	0
ID103	0	0	0	0	0	0	0	0	0	0	0	0	0	0	0	0	0	3	0	0	0	0	0
ID104	1	0	0	0	0	0	0	0	0	0	0	0	2	0	0	0	0	4	0	0	0	2	0
ID105	2	0	0	0	0	0	27	0	0	0	0	0	0	0	0	0	0	4	0	0	0	7	0
ID106	4	2	0	0	0	0	2	0	3	3	0	0	0	0	0	0	3	3	0	1	0	4	2
ID107	1	0	0	0	0	0	6	0	1	0	0	0	2	0	0	0	4	3	0	0	0	3	5
ID108	2	0	0	0	0	0	6	0	1	1	0	0	0	0	0	0	3	1	0	0	0	6	2
ID109	2	0	0	0	2	0	4	0	2	1	0	0	2	0	0	2	5	1	0	0	0	4	2
ID110	1	0	0	0	2	0	6	0	2	1	0	0	0	0	0	0	8	2	0	0	0	2	0
ID111	2	0	0	0	0	0	4	0	1	0	0	0	0	0	0	0	4	1	0	0	0	2	5
ID112	1	0	0	0	1	7	4	0	2	0	0	0	0	0	0	0	3	0	0	0	0	4	2
ID113	1	1	0	0	2	24	4	0	0	0	0	0	0	0	0	0	4	0	0	0	0	0	0
ID114	7	0	0	0	1	22	6	0	4	0	0	0	7	0	0	0	5	6	0	0	0	2	0
ID115	2	0	0	0	0	7	4	0	0	0	0	0	15	0	6	0	2	4	0	0	0	3	0
ID116	3	1	0	0	1	0	6	0	2	3	0	0	0	0	0	0	8	2	5	0	0	7	0
ID117	2	1	0	0	0	0	6	0	0	3	0	0	0	0	0	0	0	2	0	0	0	2	0
ID118	3	0	0	0	0	0	6	0	0	2	0	0	0	0	0	0	1	3	0	0	0	2	2
ID119	0	0	0	0	0	0	0	0	0	6	0	0	0	0	0	0	0	2	0	0	0	4	4
ID120	0	0	0	0	0	0	0	0	0	2	0	0	0	0	0	0	0	1	0	0	0	3	4
ID121	3	0	0	0	0	3	4	0	0	0	0	0	2	0	0	0	2	1	0	0	0	0	0
ID122	10	0	0	0	2	20	2	0	0	0	0	0	0	0	0	6	3	1	0	0	0	3	0
ID123	0	0	0	0	2	18	6	0	1	0	0	0	0	0	0	0	3	0	0	0	0	1	0
ID124	3	0	0	0	3	2	6	0	5	0	0	0	2	0	0	1	6	0	0	0	0	8	0
ID125	0	0	0	1	4	10	4	0	3	0	0	0	0	0	0	10	6	0	1	0	0	0	0
ID126	3	0	0	0	2	4	4	0	14	0	0	0	2	0	0	3	10	0	1	0	0	7	0
ID127	2	0	0	0	0	5	3	0	1	0	0	0	11	0	0	4	3	0	0	0	0	0	0
ID128	0	0	0	0	0	17	2	0	1	0	0	0	4	0	0	0	3	0	0	0	0	0	0
ID129	0	0	0	0	0	0	0	0	1	0	0	0	0	0	0	0	0	0	0	0	0	0	0
ID130	0	0	0	1	0	0	4	0	1	0	0	0	0	0	0	0	4	0	0	0	0	0	0
ID131	0	0	0	0	2	7	6	0	0	0	0	0	0	0	0	0	2	0	0	0	0	0	0
ID132	0	0	0	0	0	2	3	0	0	0	0	0	0	0	0	0	3	0	0	0	0	0	0
ID133	1	0	0	0	0	3	3	0	0	0	0	0	0	0	0	0	2	0	0	0	2	2	0
ID134	2	0	0	0	0	0	1	0	0	0	0	0	0	0	0	0	0	0	0	0	2	0	0
ID135	11	0	0	0	0	1	17	0	6	0	0	0	3	0	0	0	1	0	0	0	0	0	0
ID136	0	0	0	0	0	2	2	0	0	0	0	0	0	0	0	0	0	0	0	0	2	0	0
ID137	0	0	0	0	0	0	2	0	0	0	0	0	2	0	0	0	0	0	0	0	0	0	0
ID138	0	0	0	0	0	0	2	0	0	0	0	0	0	0	0	0	0	0	0	0	0	0	0
ID139	0	0	0	0	0	2	2	0	0	0	0	0	0	0	0	0	1	0	0	0	1	0	0
ID140	0	0	0	0	0	0	2	0	0	0	0	0	0	0	0	0	0	0	0	0	1	0	0
ID141	0	0	0	0	0	2	1	0	0	0	0	0	0	0	0	0	2	0	0	0	1	0	0
ID142	0	0	0	0	0	1	0	0	0	0	0	0	0	0	0	0	0	0	0	0	3	0	0
ID143	1	0	0	0	0	2	2	0	0	0	0	0	0	0	0	0	0	0	0	0	1	0	0
ID144	3	0	0	0	0	0	3	0	0	0	0	0	0	0	0	0	0	0	0	0	0	0	0
ID145	1	0	0	0	0	0	2	0	0	0	0	0	0	0	0	0	5	0	0	0	0	0	0
ID146	2	0	0	0	0	2	2	0	0	0	0	0	2	0	0	0	2	0	0	0	0	0	0
ID147	0	0	0	0	0	0	3	0	1	0	0	0	0	0	0	0	2	0	0	0	0	0	0
ID148	3	0	0	0	0	0	3	0	2	0	0	0	0	0	0	0	2	0	0	0	0	0	0
ID149	2	0	0	0	0	0	2	0	2	0	0	0	0	0	0	0	2	0	1	0	0	0	0
ID150	2	0	0	0	0	14	2	0	2	0	0	0	2	0	0	2	3	2	0	0	1	2	0
ID151	1	0	0	0	0	2	0	0	0	0	0	0	0	0	0	0	3	0	0	0	0	0	0
ID152	2	0	0	0	0	0	1	0	0	0	0	0	0	0	0	0	1	0	0	0	0	0	0
ID153	0	0	0	0	0	0	2	0	2	0	0	0	0	0	0	0	1	0	0	0	0	0	0
ID154	3	0	0	0	0	5	1	0	2	0	0	0	0	0	0	0	1	0	0	0	0	0	0
ID155	2	0	0	0	0	2	1	0	2	0	0	0	0	0	0	0	0	0	0	0	0	0	0
ID156	0	0	0	0	0	0	2	0	1	0	0	0	0	0	0	0	2	0	0	0	1	0	0
ID157	1	0	0	0	0	0	0	0	0	2	0	0	0	0	0	0	0	3	0	0	0	3	5
ID158	0	0	0	0	0	0	0	0	0	2	0	0	0	0	0	0	2	3	0	0	0	3	7
ID159	0	0	0	0	0	0	0	0	0	2	0	0	0	0	0	0	2	1	0	0	0	3	5
ID160	0	0	0	0	0	0	0	0	0	2	0	0	0	0	0	0	1	3	0	0	0	4	7
ID161	0	0	0	0	0	0	0	0	0	0	0	0	0	0	0	0	0	2	0	0	0	2	0
ID162	0	0	0	0	0	0	0	0	0	0	0	0	0	0	0	0	0	2	0	0	0	2	0
ID163	0	0	0	0	0	0	2	0	0	0	0	0	0	0	0	0	0	1	0	0	0	1	0
ID164	0	0	0	0	0	0	0	0	0	0	0	0	0	0	0	0	0	2	0	0	0	1	0
ID165	0	0	0	0	1	28	0	0	0	0	0	0	1	0	0	0	0	4	1	0	0	2	0
ID166	0	0	0	0	0	0	0	0	0	0	0	0	0	0	0	0	0	1	0	0	0	2	0
ID167	0	0	0	0	0	0	1	0	0	0	0	0	0	0	0	0	0	2	0	0	0	4	0
ID168	0	0	0	0	0	0	0	0	0	0	0	0	0	0	0	0	0	1	1	0	0	4	0
ID169	0	0	0	0	0	0	0	0	0	0	0	0	0	0	0	0	0	0	0	0	0	3	2
ID170	0	0	0	0	0	0	0	0	0	0	0	0	0	0	0	0	0	2	0	0	0	3	0
ID171	0	0	0	0	0	0	0	0	0	0	0	0	0	0	0	0	0	1	0	0	0	3	0
ID172	2	0	0	0	0	0	2	0	0	0	0	0	0	0	0	0	0	1	0	0	0	2	0
ID173	0	0	0	0	0	0	0	0	0	0	0	0	0	0	0	0	0	1	0	0	0	1	0
ID174	0	0	0	0	0	0	0	0	0	0	0	0	0	0	0	0	0	0	0	0	0	2	0
ID175	0	0	0	0	0	0	0	0	0	0	0	0	0	0	0	0	0	1	0	0	0	3	0
ID176	0	0	0	0	0	0	0	0	0	0	0	0	0	0	0	0	0	0	0	0	0	3	0
ID177	0	0	0	0	0	0	0	0	0	0	0	0	0	0	0	0	0	2	0	0	0	1	0
ID178	0	0	0	0	0	0	0	0	0	0	0	0	0	0	0	0	0	1	0	0	0	1	0
ID179	0	0	0	0	0	0	0	0	0	0	0	0	0	0	0	0	0	1	0	0	0	1	0
ID180	0	0	0	0	0	0	0	0	0	0	0	0	0	0	0	0	0	2	0	0	0	3	0
ID181	0	0	0	0	0	0	0	0	0	0	0	0	0	0	0	0	0	2	0	0	0	2	0
ID182	0	0	0	0	0	0	0	0	0	0	0	0	0	0	0	0	0	1	0	0	0	0	0
ID183	2	0	0	0	0	0	9	0	0	0	0	0	0	0	0	5	0	0	0	0	1	0	0
ID184	4	0	0	0	0	0	11	0	0	0	0	0	0	0	0	0	0	0	0	0	0	0	0
ID185	0	0	0	0	0	0	8	0	0	0	0	0	0	0	0	0	0	0	0	0	0	2	0
ID186	0	0	0	0	0	0	10	0	0	0	0	0	0	0	0	0	0	0	0	0	2	0	0
ID187	2	0	0	0	3	0	0	5	4	0	0	0	0	0	0	1	1	0	0	0	0	5	0
ID188	0	0	0	0	0	3	2	0	0	0	0	0	0	0	0	0	0	0	0	0	0	0	0
ID189	0	0	0	0	0	1	4	0	0	0	0	0	0	0	0	0	0	0	0	0	0	2	0
ID190	0	0	0	0	0	2	8	0	1	0	0	0	0	0	0	2	2	0	0	0	0	10	0
ID191	0	0	0	0	0	2	7	0	0	0	0	0	0	0	0	1	1	0	2	0	0	2	0
ID192	0	0	0	0	5	0	6	0	0	0	0	0	0	0	0	0	0	0	0	0	1	2	0
ID193	0	0	0	0	0	0	6	0	0	0	0	0	0	0	0	0	0	0	0	0	0	0	0
ID194	2	0	0	0	0	1	3	0	0	0	0	0	0	2	0	0	3	0	0	0	2	0	0
ID195	8	0	0	0	0	0	6	0	0	0	0	0	2	2	0	3	2	0	0	0	0	0	0
ID196	4	0	0	0	0	4	10	0	2	0	0	0	2	2	0	2	0	0	0	0	0	0	0
ID197	3	0	0	0	0	3	5	0	1	0	0	0	0	6	0	5	1	0	0	0	0	1	0
ID198	2	0	0	0	0	0	8	0	0	0	0	0	0	4	0	0	0	0	0	0	0	0	0
ID199	1	0	0	0	0	0	8	0	3	0	0	0	0	0	0	0	4	0	0	0	1	4	0
ID200	0	0	0	0	0	0	5	0	1	0	0	0	0	0	0	0	0	0	0	0	1	6	0
ID201	4	0	0	0	0	0	9	0	0	0	0	0	0	1	0	5	2	0	0	0	0	2	0
ID202	0	0	0	0	0	0	5	0	1	0	0	0	0	0	0	0	0	0	0	0	0	0	0
ID203	6	0	0	0	0	0	4	0	0	0	0	0	0	0	0	15	0	0	0	0	0	4	0
ID204	0	0	0	0	0	0	5	0	0	0	0	0	0	2	0	1	0	0	0	0	0	7	0
ID205	0	0	0	0	0	0	8	0	3	0	0	0	0	2	0	0	0	0	0	0	0	0	0
ID206	3	0	0	0	0	0	6	0	4	0	0	0	0	11	0	0	0	0	0	0	0	2	0
ID207	0	0	0	0	0	0	3	0	6	0	0	0	0	0	0	2	0	2	0	0	0	3	0
ID208	5	0	0	0	0	0	6	0	1	0	0	0	0	0	0	1	1	0	1	0	0	1	0
ID209	0	0	0	0	0	0	6	0	5	0	0	0	1	7	0	0	0	0	0	0	0	0	0
ID210	2	0	0	0	0	0	7	0	3	0	0	0	0	0	0	1	1	0	0	0	0	6	0
ID211	0	0	0	0	0	0	4	0	0	0	0	0	0	0	0	5	0	0	0	0	0	9	0
ID212	5	0	0	0	0	0	14	0	0	0	0	0	1	0	0	0	0	0	0	0	1	0	0
ID213	4	0	0	0	0	0	7	0	2	0	0	0	0	2	0	0	1	0	0	0	2	3	0
ID214	1	0	0	0	0	0	2	0	3	0	0	0	0	4	0	4	0	5	0	0	0	2	0
ID215	2	0	0	0	0	0	2	0	1	0	0	0	0	8	0	6	0	0	1	0	0	4	0
ID216	0	0	0	0	0	0	3	0	0	0	0	0	2	2	0	0	0	0	0	0	0	0	0
ID217	0	0	0	0	0	0	5	0	0	0	0	0	0	0	0	0	0	0	1	0	2	0	0
ID218	0	0	0	0	0	0	7	0	1	0	0	0	0	2	0	0	0	0	0	0	0	0	0
ID219	5	0	0	0	0	0	6	0	3	0	0	0	0	0	0	10	0	0	0	0	0	0	0
ID220	0	0	0	0	0	0	3	0	2	0	0	0	0	0	0	0	0	0	0	0	0	0	0
ID221	3	0	0	0	0	0	3	0	0	0	0	0	2	2	0	0	0	0	0	0	0	0	0
ID222	1	0	0	0	0	0	3	0	2	0	0	0	0	0	0	0	0	0	0	0	0	0	0
ID223	5	0	0	0	0	0	3	0	2	0	0	0	0	0	0	0	0	0	0	0	0	0	0
ID224	3	0	0	0	0	0	3	0	1	0	0	0	0	0	0	0	0	0	0	0	0	0	0
ID225	2	0	0	0	0	0	0	3	0	0	0	0	0	0	0	0	0	0	0	0	0	0	0
ID226	0	0	0	0	0	0	4	0	3	0	0	0	0	0	0	0	0	0	0	0	2	0	0
ID227	0	0	0	0	0	0	7	0	5	0	0	0	0	1	0	0	0	0	0	0	0	0	0
ID228	1	0	0	0	0	0	1	0	0	0	0	0	0	0	0	0	0	0	0	0	0	0	0
ID229	1	0	0	0	0	0	0	0	0	0	0	0	0	0	0	0	0	0	0	0	0	0	0
ID230	2	0	0	0	0	0	1	0	1	0	0	0	0	0	0	0	0	0	0	0	0	0	0
ID231	1	0	0	0	0	0	0	0	0	0	0	0	0	0	0	0	0	0	0	0	0	0	0
ID232	2	0	0	0	0	0	4	0	2	0	0	0	2	0	0	0	0	2	0	0	0	2	0
ID233	2	0	0	0	0	4	6	0	1	0	0	0	0	0	0	0	0	2	0	0	0	4	0
ID234	2	0	0	0	0	0	6	0	1	0	0	0	2	0	0	0	0	4	2	0	0	2	0
ID235	3	1	0	0	0	0	4	0	1	0	0	0	0	0	0	0	0	4	2	0	0	4	0
ID236	1	0	0	2	0	0	2	0	1	0	0	0	0	0	0	0	0	4	2	2	0	9	0
ID237	5	0	0	6	0	2	8	0	0	0	0	1	0	0	0	0	0	1	2	0	0	0	2
ID238	5	0	0	2	0	0	2	0	1	2	0	0	0	0	0	0	0	6	0	0	0	2	0
ID239	3	0	0	2	1	4	10	0	1	1	0	0	0	0	0	0	0	2	1	0	0	0	0
ID240	5	0	2	2	4	0	6	0	0	0	0	0	1	0	0	8	0	2	0	0	0	1	0
ID241	1	0	0	0	0	0	4	0	0	3	0	0	0	0	0	0	0	4	2	0	0	3	2
ID242	0	0	0	2	0	0	0	0	0	4	0	0	0	0	0	0	0	2	2	0	0	2	0
ID243	1	0	0	0	0	0	4	0	0	2	0	0	0	0	0	0	0	8	0	0	0	2	0
ID244	1	0	0	0	0	0	4	0	0	0	0	0	0	0	0	0	0	4	0	0	0	3	0
ID245	0	0	0	0	0	0	6	0	0	2	0	0	0	0	0	0	0	6	2	0	0	1	0
ID246	0	0	0	0	0	0	6	0	0	0	0	0	0	0	0	0	0	4	4	0	0	2	0
ID247	0	0	0	0	0	0	0	0	0	0	0	0	0	0	0	0	0	3	0	0	0	0	0
ID248	0	0	0	0	0	0	0	0	0	0	0	0	0	0	0	0	0	3	0	0	0	0	0
ID249	1	0	0	0	0	0	0	0	0	0	0	0	0	0	0	0	0	2	0	0	0	0	0
ID250	0	0	0	0	0	0	0	0	0	0	0	0	0	0	0	0	0	2	0	0	0	0	0
ID251	0	0	0	0	0	0	0	0	0	0	0	0	0	0	0	0	0	4	0	0	0	6	2
ID252	1	0	0	0	0	0	0	0	0	0	0	0	0	0	0	0	0	4	0	0	0	1	2
ID253	0	0	0	0	0	0	6	0	0	1	0	0	0	0	0	0	0	4	0	0	0	4	0
ID254	0	0	0	0	0	0	6	0	2	1	0	0	0	0	0	0	0	4	2	1	0	4	0
ID255	0	0	0	0	0	0	6	0	0	2	0	0	0	0	0	0	0	6	2	0	2	4	0
ID256	0	0	0	0	0	0	6	0	1	0	0	0	0	0	0	0	0	4	0	0	0	3	0
ID257	0	0	0	0	1	4	4	0	0	0	0	0	0	0	0	0	0	4	0	1	0	5	0
ID258	0	0	0	0	1	0	4	0	0	0	0	0	0	0	0	0	0	4	0	0	1	2	0
ID259	0	0	0	0	1	0	4	0	0	0	0	0	0	0	0	0	0	4	0	0	0	3	0
ID260	0	0	0	0	0	2	4	0	0	1	0	0	0	0	0	0	0	6	2	0	0	3	0
ID261	0	0	0	0	0	0	4	0	0	0	0	0	0	0	0	0	0	6	0	0	1	4	1
ID262	0	0	0	0	0	0	2	0	0	1	0	0	0	0	0	0	0	6	2	0	0	7	0
ID263	0	0	0	0	0	0	4	0	0	1	0	0	0	0	0	0	0	4	0	0	1	7	0
ID264	0	0	0	0	0	1	2	0	0	1	0	0	0	0	0	0	0	6	0	0	1	4	0
ID265	0	0	0	0	0	0	4	0	0	1	0	0	0	0	0	0	0	5	0	0	0	7	0
ID266	0	0	0	0	0	0	0	0	0	1	0	0	0	0	0	0	0	4	0	0	0	4	0
ID267	0	0	0	0	0	0	0	0	0	0	0	0	0	0	0	0	0	4	0	0	0	5	0
ID268	0	0	0	0	0	0	2	0	0	0	0	0	0	0	0	0	0	4	0	0	0	10	3
ID269	0	0	0	0	0	0	2	0	0	0	0	0	0	0	0	0	0	4	0	0	0	2	0
ID270	5	0	0	0	0	0	7	0	0	0	0	0	0	0	0	0	0	1	0	0	0	3	0
ID271	3	0	0	0	0	0	1	0	0	0	0	0	0	0	0	0	0	9	1	0	0	5	0
ID272	3	0	0	0	0	0	1	0	0	0	0	0	0	0	0	0	0	5	0	0	0	5	0
ID273	0	0	0	0	0	0	0	0	0	0	0	0	0	0	0	0	0	8	0	0	0	0	0
ID274	4	0	0	0	0	0	0	0	0	0	0	0	0	0	0	0	0	8	0	0	0	0	0
ID275	9	0	0	0	0	0	1	0	0	0	0	0	0	0	0	0	0	4	0	0	0	6	0
ID276	2	0	0	0	0	0	0	0	0	0	0	0	0	0	0	0	0	10	2	0	0	9	0
ID277	5	0	0	0	0	0	0	0	0	0	0	0	0	0	0	0	0	7	7	0	0	14	0
ID278	1	0	0	0	0	0	0	0	0	0	0	0	0	0	0	0	0	6	2	0	0	11	0
ID279	1	0	0	0	0	0	0	0	0	0	0	0	0	0	0	0	0	6	2	0	0	11	0
ID280	0	0	0	0	0	0	0	0	0	0	0	0	0	0	0	0	0	9	0	0	0	6	0
ID281	2	0	0	0	0	0	0	0	0	0	0	0	0	0	0	0	0	4	0	1	0	9	0
ID282	1	0	0	8	0	1	6	0	5	0	0	0	14	0	0	42	0	3	0	0	0	6	0
ID283	9	0	0	2	0	0	9	0	3	0	0	0	0	0	0	0	0	6	0	0	0	5	0
ID284	11	0	0	6	0	0	21	0	0	0	0	0	12	0	0	0	0	1	0	0	0	1	0
ID285	9	0	0	2	0	1	7	0	1	0	0	0	1	0	0	0	0	1	6	0	0	4	0
ID286	20	1	0	8	1	2	5	0	2	0	0	0	0	0	0	3	0	5	0	0	0	0	0
ID287	19	0	0	2	0	0	5	0	0	0	0	0	13	0	0	0	0	2	0	0	0	0	0
ID288	7	0	0	2	3	0	57	0	0	0	0	0	0	0	0	0	0	5	0	0	0	7	0
ID289	10	0	0	2	4	0	15	0	0	0	0	0	0	0	0	0	0	3	0	0	0	4	0
ID290	7	0	0	0	4	2	4	0	0	0	0	0	12	0	0	0	0	7	0	0	0	0	0
ID291	0	0	0	2	0	0	7	0	0	0	0	0	1	0	0	0	0	0	0	0	0	0	0
ID292	0	0	0	0	0	0	3	0	0	0	0	0	0	0	0	0	0	0	0	0	1	0	0
ID293	2	0	0	0	4	6	16	0	1	0	0	0	0	0	2	0	0	0	0	0	5	2	0
ID294	1	0	0	0	0	0	5	0	0	0	0	0	3	0	0	3	0	0	0	0	0	2	0
ID295	1	0	0	0	0	8	20	0	0	0	0	0	4	0	0	0	0	0	0	0	0	2	0
ID296	2	0	0	0	0	2	0	0	4	0	0	0	0	0	0	0	0	0	0	0	0	0	0
ID297	1	0	0	0	0	10	7	0	2	0	0	0	1	0	0	1	0	0	0	0	0	8	0
ID298	0	0	0	0	0	0	4	0	0	0	0	0	4	0	0	0	0	0	0	0	0	1	0
ID299	4	0	0	0	0	10	4	0	4	0	0	0	16	0	0	0	0	0	0	0	1	1	0
ID300	6	0	0	2	1	21	5	0	0	0	0	0	11	0	0	1	0	0	0	0	0	7	0
ID301	4	0	0	0	3	8	34	0	0	0	0	0	17	0	0	2	0	0	0	0	0	5	0
ID302	3	0	0	0	2	7	25	0	6	0	0	0	11	0	0	0	0	0	0	0	0	4	0
ID303	7	0	0	0	1	5	57	0	0	0	0	0	15	0	0	2	0	0	0	0	5	9	0
ID304	0	0	0	0	1	7	13	0	0	0	1	0	9	0	0	3	0	0	0	0	1	0	0
ID305	0	0	0	0	0	2	0	0	2	0	0	0	0	0	0	0	0	0	0	0	0	0	0
ID306	1	0	0	0	0	0	1	0	1	0	0	0	0	0	0	0	0	0	0	0	1	0	0
ID307	0	0	0	0	0	2	2	0	0	0	0	0	2	0	0	0	0	0	0	0	0	0	0
ID308	1	0	0	0	0	0	1	0	2	0	0	0	0	0	0	0	0	0	0	0	1	0	0
ID309	1	0	0	0	0	2	1	0	0	0	0	0	0	0	0	0	0	0	0	0	0	0	0
ID310	0	0	0	0	0	0	1	0	2	0	0	0	0	0	0	0	0	0	0	0	0	0	0
ID311	1	0	0	0	0	0	2	0	0	0	0	0	0	0	0	0	0	0	0	0	0	0	0
ID312	1	0	0	0	0	3	2	0	0	0	0	0	0	0	0	1	2	0	0	0	0	2	0
ID313	0	0	0	0	1	7	2	0	0	0	0	0	2	0	0	0	0	0	2	0	0	4	0
ID314	0	0	0	0	0	11	2	0	0	0	0	0	6	0	0	0	0	1	0	0	0	0	0
ID315	2	0	0	0	0	0	3	0	0	2	0	0	2	0	0	0	0	2	0	0	0	3	2
ID316	0	0	0	0	1	0	2	0	0	1	0	0	0	0	0	0	0	3	0	0	0	4	4
ID317	0	0	0	0	3	0	2	0	0	2	0	0	0	0	0	0	0	2	0	0	0	1	4
ID318	0	0	0	0	0	0	2	0	0	2	0	0	0	0	0	0	0	0	0	0	0	4	3
ID319	0	0	0	0	0	0	2	0	0	4	0	0	0	0	0	0	0	3	0	0	0	5	0
ID320	0	0	0	0	0	0	0	0	2	2	0	0	0	0	0	0	0	1	1	0	1	8	0
ID321	0	0	0	0	0	0	2	0	1	0	0	0	0	0	0	0	0	2	0	0	0	4	0
ID322	0	0	0	0	0	0	1	0	0	3	0	0	0	0	0	0	0	2	0	0	0	4	2
ID323	0	0	0	0	0	0	0	0	0	2	0	0	0	0	0	0	0	3	0	0	0	6	3
ID324	0	0	0	0	0	0	0	0	0	3	0	0	0	0	1	0	0	3	0	0	0	8	2
ID325	0	0	0	0	0	0	2	0	0	3	0	0	0	0	0	0	0	4	0	0	0	5	0
ID326	0	0	0	0	0	0	0	0	0	3	0	0	0	0	0	0	0	1	0	0	0	3	1
ID327	0	0	0	0	0	0	0	0	0	5	0	0	0	0	0	0	0	3	0	0	0	2	0
ID328	0	0	0	0	0	0	0	0	0	2	0	0	0	0	0	0	0	2	0	0	0	6	0
ID329	0	0	0	0	0	0	4	0	0	0	0	0	0	0	0	0	0	5	0	0	0	5	0
ID330	0	0	0	0	0	0	2	0	0	4	0	0	0	0	0	0	0	3	0	0	0	2	0
ID331	0	0	0	0	0	0	0	0	0	3	0	0	0	0	0	0	0	2	0	0	0	3	1
ID332	0	0	0	0	0	0	6	0	0	2	0	0	0	0	0	0	0	3	0	2	0	1	3
ID333	0	0	0	0	0	0	2	0	0	2	0	0	0	0	0	0	0	3	0	0	0	4	0
ID334	0	0	0	0	0	0	0	0	0	3	0	0	0	0	0	0	0	3	0	0	0	2	1
ID335	0	0	0	0	0	0	0	0	0	3	0	0	0	0	0	0	0	3	0	0	0	3	0
ID336	0	0	0	0	0	0	0	0	0	3	0	0	0	0	0	0	0	2	0	0	0	5	2
ID337	0	0	0	0	0	0	0	0	0	2	0	0	0	0	0	0	0	2	0	0	0	2	0
ID338	0	0	0	0	0	0	0	0	0	2	0	0	0	0	0	0	0	2	0	0	0	2	3
ID339	0	0	0	0	0	0	0	0	0	2	0	0	0	0	0	0	0	3	0	0	0	4	2
ID340	0	0	0	0	0	0	0	0	0	1	0	0	0	0	0	0	0	6	0	0	0	2	3
ID341	0	0	0	0	0	0	0	0	0	2	0	0	0	0	0	0	0	1	0	0	0	3	0
ID342	0	0	0	0	0	0	0	0	0	3	0	0	0	0	0	0	0	1	0	0	0	0	4
ID343	0	0	0	0	0	0	0	0	0	1	0	0	0	0	0	0	0	2	0	0	0	2	0
ID344	0	0	0	0	0	0	0	0	0	3	0	0	0	0	0	0	0	2	0	0	0	3	0
ID345	0	0	0	0	0	0	0	0	0	0	0	0	0	0	0	0	0	1	0	0	0	0	0
ID346	0	0	0	0	0	0	0	0	0	0	0	0	0	0	0	0	0	1	0	0	0	0	0
ID347	0	0	0	0	0	0	0	0	0	0	0	0	0	0	0	0	0	1	0	0	0	0	0
ID348	0	0	0	0	0	0	0	0	0	0	0	0	0	0	0	0	0	1	0	0	0	0	0
ID349	0	0	0	0	0	0	0	0	0	0	0	0	0	0	0	0	0	1	0	0	0	0	0
ID350	0	0	0	0	0	0	0	0	0	0	0	0	0	0	0	0	0	1	0	0	0	0	0
ID351	0	0	0	0	0	0	0	0	0	0	0	0	0	0	0	0	0	1	0	0	0	1	0
ID352	0	0	0	0	0	0	0	0	0	0	0	0	0	0	0	0	0	1	0	0	0	1	0
ID353	0	0	0	0	0	0	0	0	0	0	0	0	0	0	0	0	0	2	0	0	0	0	0
ID354	0	0	0	0	0	0	0	0	0	0	0	0	0	0	0	0	0	2	0	0	0	2	0
ID355	0	0	0	0	0	0	0	0	0	0	0	0	0	0	0	0	0	2	0	0	0	3	0
ID356	0	0	0	0	0	0	0	0	0	0	0	0	0	0	0	0	0	2	0	0	0	3	0
ID357	0	0	0	0	0	0	0	0	0	0	0	0	0	0	0	0	0	0	0	0	0	2	0
ID358	0	0	0	0	0	0	0	0	0	2	0	0	0	0	0	0	0	3	0	0	0	8	0
ID359	0	0	0	0	0	0	0	0	0	1	0	0	0	0	0	0	0	3	0	0	0	7	0
ID360	0	0	0	0	0	0	5	0	0	0	0	0	0	0	0	0	0	4	0	0	0	1	0
ID361	0	0	0	0	0	0	0	0	0	0	0	0	0	0	0	0	0	2	0	3	0	5	0
ID362	0	0	0	0	0	0	1	0	0	1	0	0	0	0	0	0	0	3	0	1	0	2	3
ID363	0	0	0	0	0	0	2	0	0	0	0	0	0	0	0	0	0	5	1	0	0	3	0
ID364	0	0	0	0	0	0	4	0	0	0	0	0	0	0	0	0	0	1	0	0	0	6	0
ID365	0	0	0	0	0	0	2	0	0	2	0	0	0	0	0	0	0	2	0	2	0	4	0
ID366	0	0	0	0	0	0	1	0	0	2	0	0	0	0	0	0	0	2	0	0	0	5	0
ID367	0	0	0	0	0	0	3	0	0	0	0	0	0	0	0	0	0	2	0	0	0	2	0
ID368	0	0	0	0	0	0	0	0	0	0	0	0	0	0	0	0	0	3	0	2	0	9	0
ID369	0	0	0	0	0	0	0	0	0	1	0	0	0	0	0	0	0	1	2	1	0	16	0
ID370	0	0	0	0	0	0	0	0	0	2	0	0	0	0	0	0	0	3	0	2	0	8	0
ID371	0	0	0	0	0	0	0	0	0	2	0	0	0	0	0	0	0	2	0	0	0	6	0
ID372	0	0	0	0	0	0	0	0	0	0	0	0	0	0	0	0	0	5	0	1	0	6	0
ID373	0	0	0	0	0	0	1	0	0	0	0	0	0	0	0	0	0	3	0	0	0	4	3
ID374	0	0	0	0	0	0	2	0	0	0	0	0	0	0	0	0	0	3	0	0	0	2	0
ID375	0	0	0	0	0	0	1	0	0	0	0	0	0	0	0	0	0	3	0	0	0	6	0
ID376	0	0	0	0	0	0	1	0	0	1	0	0	0	0	0	0	0	3	0	1	0	2	2
ID377	0	0	0	0	0	0	0	0	0	1	0	0	0	0	0	0	0	2	0	1	0	3	0
ID378	0	0	0	0	0	0	0	0	2	0	0	0	0	0	0	0	0	0	0	0	0	1	0
ID379	0	0	0	0	0	0	2	0	0	0	0	0	0	0	0	0	0	0	0	0	3	2	0
ID380	0	0	0	0	0	0	1	0	0	0	0	0	0	0	0	0	0	0	2	0	2	5	0
ID381	0	0	0	0	0	0	2	0	2	0	0	0	0	0	0	0	0	0	0	0	0	2	0
ID382	0	0	0	0	0	0	4	0	0	0	0	0	0	0	0	0	0	0	0	0	0	0	0
ID383	0	0	0	0	0	0	4	0	0	0	0	0	0	0	0	0	0	0	0	0	0	2	0
ID384	0	0	0	0	0	0	4	0	0	0	0	0	0	0	0	0	0	0	0	0	0	0	0
ID385	0	0	0	0	0	0	2	0	0	0	0	0	0	0	0	0	0	0	0	0	0	2	0
ID386	0	0	0	0	0	0	2	0	0	0	0	0	0	0	0	0	0	0	0	0	0	2	0
ID387	0	0	0	0	0	0	3	0	3	0	0	0	0	0	0	0	0	0	0	0	2	4	0
ID388	0	0	0	0	0	0	3	0	0	0	0	0	0	0	0	0	0	0	0	0	2	2	0
ID389	0	0	0	0	0	0	8	0	0	0	0	0	0	0	0	0	0	0	0	0	0	6	0
ID390	0	0	0	0	0	0	2	0	0	0	0	0	0	0	0	0	0	0	0	0	0	5	0
ID391	1	0	0	0	0	0	4	0	1	0	0	0	0	0	0	0	0	0	0	0	0	3	0
ID392	0	0	0	0	0	0	3	0	0	0	0	0	0	0	0	0	0	0	0	0	0	7	0
ID393	0	0	0	0	0	0	3	0	0	0	0	0	0	0	0	0	0	0	0	0	0	0	0
ID394	0	0	0	0	0	0	3	0	0	0	0	0	0	0	0	0	0	0	0	0	0	1	0
ID395	0	0	0	0	0	0	2	0	0	0	0	0	0	0	0	0	0	0	0	0	1	0	0
ID396	0	0	0	0	0	0	3	0	1	0	0	0	0	0	0	0	0	0	0	0	0	2	0
ID397	0	0	0	0	0	0	4	0	2	0	0	0	0	0	0	0	0	0	0	0	2	2	0
ID398	0	0	0	0	0	0	2	0	0	0	0	0	0	0	0	0	0	0	0	0	0	1	0
ID399	0	0	0	0	0	0	2	0	1	0	0	0	0	0	0	0	0	0	1	0	0	0	0
ID400	0	0	0	0	0	0	2	0	0	0	0	0	0	0	0	0	0	0	0	0	1	4	0
ID401	0	0	0	0	0	0	2	0	0	0	0	0	0	0	0	0	0	0	0	0	0	0	0
ID402	0	0	0	0	0	0	3	0	0	0	0	0	0	0	0	0	0	0	1	0	0	3	0
ID403	0	0	0	0	0	0	4	0	0	0	0	0	0	0	0	0	0	0	1	0	0	2	0
ID404	0	0	0	0	0	0	2	0	1	0	0	0	0	0	0	0	0	0	0	0	2	0	0
ID405	0	0	0	0	0	0	4	0	1	0	0	0	0	0	0	0	0	0	0	0	0	6	0
ID406	0	0	0	0	0	0	2	0	0	0	0	0	0	0	0	0	0	0	0	0	4	4	0
ID407	0	0	0	0	0	0	2	0	1	0	0	0	0	0	0	0	0	0	0	0	1	5	0
ID408	0	0	0	0	0	0	3	0	0	0	0	0	0	0	0	0	0	0	0	0	2	4	0
ID409	0	0	0	0	0	0	1	0	0	0	0	0	0	0	0	0	0	0	0	0	0	3	0
ID410	0	0	0	0	0	0	2	0	0	0	0	0	0	0	0	0	0	0	0	0	0	6	0
